Alkaid:(13.792222222222222, 49.31305555555555)
Mizar:(13.39861111111111, 54.92527777777777)
Alioth:(12.900277777777777, 55.95944444444445)
Megrez:(12.256944444444445, 57.032222222222224)
Phecda:(11.896944444444443, 53.69444444444444)
Dubhe:(11.061944444444444, 61.75055555555556)
Merak:(11.030555555555557, 56.3825)
Bellatrix:(5.418611111111112, 6.349444444444444)
Arcturus:(14.260833333333334, 19.1825)
Rigel:(5.242222222222222, -8.201666666666666)
Vega:(18.615555555555556, 38.78361111111111)
Altair:(19.84638888888889, 8.868333333333334)
Deneb:(20.690555555555555, 45.280277777777776)
Matar:(22.716666666666665, 30.22138888888889)
Mira:(2.32244225, -2.977637666666667)
Polaris:(2.53, 89.26416666666667)
Capella:(5.2780555555555555, 45.99805555555556)
Betelgeuse:(5.919444444444445, 7.406666666666667)
Andromeda:(0.13972222222222222, 29.090555555555554)
Polaris:(2.530304044666667, 89.26410897)
Rigel:(5.242297804466668, -8.201638365)
Polaris:(2.530304044666667, 89.26410897)
