Alkaid:(13.792222222222222, 49.31305555555555)
Mizar:(13.39861111111111, 54.92527777777777)
Alioth:(12.900277777777777, 55.95944444444445)
Megrez:(12.256944444444445, 57.032222222222224)
Phecda:(11.896944444444443, 53.69444444444444)
Dubhe:(11.061944444444444, 61.75055555555556)
Merak:(11.030555555555557, 56.3825)
Bellatrix:(5.418611111111112, 6.349444444444444)
Arcturus:(14.260833333333334, 19.1825)
Vega:(18.615555555555556, 38.78361111111111)
Altair:(19.84638888888889, 8.868333333333334)
Deneb:(20.690555555555555, 45.280277777777776)
Matar:(22.716666666666665, 30.22138888888889)
Mira:(2.32244225, -2.977637666666667)
Capella:(5.2780555555555555, 45.99805555555556)
Betelgeuse:(5.919444444444445, 7.406666666666667)
Andromeda:(0.13972222222222222, 29.090555555555554)
Rigel:(5.242297804466668, -8.201638365)
Polaris:(2.530304044666667, 89.26410897)
Messier8:(18.060280000000002, -24.3867)
Kochab:(14.845090499866668, 74.155503937)
Pherkad:(15.345476677528003, 71.83401654472)
Yildun:(17.53694353019467, 86.58646066028)
Zeta Ursae Minoris:(15.734310809778002, 77.79449412361)
Eta Ursae Minoris:(16.291741736379333, 75.75534307839)
Epsilon Ursae Minoris:(16.766178778959336, 82.03725828429)
Luna:(21.36527777777778, 0.6633333333333333)
